862314
862374
862372
862313
862334
862222
862248
862341
862314
862332
862270
862262
862314
862349
862327
862351
862348
862331
862242
862177
862206
862240
862205
862159
862147
862157
862101
862101
862105
862175
862222
862142
862136
862169
862240
855330
802480
748561
750216
752309
752358
752622
752716
752785
752791
752885
752907
752854
752829
752842
752870
752848
752828
752789
752689
752732
752717
752675
752853
753086
753081
753017
752957
752929
752976
752956
752956
753014
752948
752808
751928
749943
748466
747694
746953
747225
751689
758438
762466
765175
768012
774685
791567
806688
813362
817608
822280
828584
838108
850288
859956
862545
862593
862621
862538
862509
862518
862545
862554
862503
862445
862452
862517
862472
862519
862504
862485
862499
862503
862547
862563
862486
862495
862521
862488
862465
862466
862419
862461
862519
862321
860994
858385
854218
839770
803447
755205
719137
726888
741725
739995
740024
740198
740297
740384
740411
740445
740441
740477
740492
740576
740659
740638
740654
740641
740696
740758
740795
740774
740776
740722
740759
740867
740881
740864
740845
740847
740804
740810
740795
740796
740727
740718
740727
740715
740723
740754
740858
740840
740806
740831
740813
740785
740894
740937
740975
741062
740980
740957
744369
756025
766612
771037
774053
779204
789506
805003
825857
852034
862154
862583
862670
862658
862611
862678
862670
862628
862635
862648
862648
862589
862607
862574
862532
862574
862568
862448
862414
862429
862379
862350
862398
862382
862355
862394
862393
862373
862423
862357
862315
862362
862367
862329
862330
862318
862304
862395
862335
862300
862300
862082
860525
848812
822969
787256
759312
735962
727595
726872
726928
726971
727021
727055
726938
726882
726866
726846
726891
726867
726838
726874
726884
726883
726923
726938
726941
726854
726226
729296
724262
687775
626763
558806
538956
575361
569552
566267
565482
566502
565676
566550
565779
566639
565837
566515
565925
566452
566006
566346
566158
566265
566155
566205
566201
566120
566173
566179
566149
566115
566160
566184
566214
565967
564504
565772
567038
569468
579673
584996
601264
634349
673120
696106
714946
723279
718872
717713
719237
718593
718809
718783
718820
718852
718921
718869
718900
718897
718929
718919
718988
719010
718917
718950
719009
719006
720482
723279
720067
718243
723954
742141
783414
842081
861654
862304
861987
861951
861942
861961
861951
862021
861926
861992
861998
862028
862052
862033
862070
862145
862145
862186
862180
862171
862110
862089
862057
862078
862148
862090
862098
862111
862094
862020
862065
862097
862123
862113
862101
862132
862091
862139
862114
862133
862162
862210
862168
862131
862190
862170
862118
862191
862207
862188
862177
862264
862217
862242
862220
862244
862192
862185
862156
862204
862157
862212
862244
862210
862225
862219
862198
862190
862196
862183
862211
862209
862206
862228
862159
862208
862197
862130
862240
862293
862244
862252
862220
862241
862265
862224
862214
862182
